WALK FORWARD

BEST PARAMS:  {'phase': array([ 1.84770147,  0.63517527, -6.2581397 ,  5.79072771,  3.92560091,
       -3.12365597, -5.64161065,  1.61769557]), 'w': array([ -3.82029392, -10.09482901,   7.54136557,  -9.10054186,
        -9.74108929,  16.49676456,  22.68651804,  12.8404796 ]), 'amplitudes': array([ 0.41219116,  4.24333571, -4.81600483, -2.72279552,  3.86351227,
        4.13802726, -5.23314684, -4.10500115]), 'ha': array([0.73259639, 0.84562198, 0.60696611, 0.74627439, 0.26942003,
       0.16558826, 0.04662044, 0.05292187]), 'b': array([-20.68912344,  59.14947598,  50.71959856,  15.96840235,
       -88.9128633 ,  33.98478395, -33.86570571,  85.19837797])}
Fitness: 2.6

BEST PARAMS:  {'phase': array([-6.28318531,  6.28318531,  0.47379837,  6.28318531, -1.01466379,
        6.28318531, -0.53651186, -6.28318531]), 'w': array([ 25.13274123,  -4.65737525, -12.56637061,  -2.73507415,
        -0.36040327,   0.13695773, -12.56637061,  -0.17071314]), 'amplitudes': array([-0.17184973, -6.28318531, -6.28318531, -0.47228612, -0.97673394,
        3.05915668,  6.28318531,  6.28318531]), 'ha': array([0., 0., 0., 0., 0., 0., 0., 0.]), 'b': array([ 100.       ,  100.       ,  100.       ,  100.       ,
       -100.       ,  100.       ,    5.1925288,  100.       ])}
Fitness: 0.99


ROTATE

{'phase': array([ 0.39893007, -2.23096376, -5.4295317 , -1.57314901,  2.55956377,
       -2.14105615, -1.04753494, -3.77477379]), 'w': array([ -0.94608458,  17.24350967,  22.77230644,   9.2783865 ,
       -10.5069646 ,  10.12239204,  10.10922897,  18.80313651]), 'amplitudes': array([-0.96266415, -1.077364  , -1.41101981, -1.0691907 ,  0.83289887,
       -1.27151085, -0.58288134, -1.20677418]), 'ha': array([0.04670639, 0.13176528, 0.7126964 , 0.832918  , 0.19586868,
       0.85530159, 0.82514118, 0.03681464]), 'b': array([-37.11845883,  91.33867811,  74.86399711, -33.95453279,
        11.02680772, -11.96790805, -57.62349316, -21.65943134])}

{'phase': array([-6.28318531, -1.14581646,  0.44064909, -1.52731181,  1.43443942,
        6.28318531,  4.0185173 ,  6.28318531]), 'w': array([ -1.70297506, -11.52369599,   1.03248715,  -3.81787687,
        -0.15725899,  -1.96215584,   0.37505434,  -0.15555631]), 'amplitudes': array([-1.57079633,  0.82234301, -1.57079633, -0.23272299, -1.30865045,
        1.05665486, -0.59531369, -1.3773699 ]), 'ha': array([0.02582832, 0.01784225, 0.02252759, 0.01019621, 0.00621575,
       0.00118579, 0.03031356, 0.01800144]), 'b': array([ 1.29011006e-01,  1.00000000e+02, -1.00000000e+02,  4.83189888e-01,
        1.00000000e+02, -1.51697539e-02, -8.23871361e-01, -2.00560108e+00])}